0 0.395833 0.317593 0.043750 0.088889
0 0.438542 0.323611 0.044792 0.104630
0 0.396615 0.508333 0.048438 0.090741
0 0.398698 0.587963 0.050521 0.094444
0 0.398177 0.667593 0.041146 0.087037
0 0.444531 0.458333 0.041146 0.087037
0 0.447396 0.521759 0.038542 0.084259
0 0.446094 0.593519 0.038021 0.083333
0 0.446094 0.665741 0.040104 0.090741
2 0.479167 0.284722 0.035417 0.056481
2 0.479687 0.345833 0.037500 0.078704
2 0.514323 0.349537 0.043229 0.073148
2 0.525781 0.498611 0.033854 0.075000
2 0.524219 0.555093 0.033854 0.067593
2 0.521354 0.606019 0.035417 0.067593
2 0.524740 0.666204 0.033854 0.069444
2 0.476823 0.623148 0.035937 0.068519
2 0.489323 0.682407 0.039062 0.070370
1 0.561979 0.280093 0.043750 0.076852
1 0.559115 0.340741 0.048438 0.083333
1 0.604688 0.271296 0.042708 0.077778
1 0.604948 0.346296 0.045312 0.075926
1 0.647917 0.206944 0.044792 0.076852
1 0.651823 0.273611 0.050521 0.076852
1 0.645833 0.349537 0.041667 0.078704
1 0.695052 0.205556 0.044271 0.074074
1 0.693750 0.287500 0.045833 0.073148
1 0.685156 0.351852 0.045312 0.075926
3 0.564844 0.565278 0.039062 0.063889
3 0.561719 0.614815 0.036979 0.057407
3 0.559896 0.665741 0.037500 0.062963
3 0.607031 0.509259 0.045312 0.072222
3 0.604167 0.563426 0.041667 0.062037
3 0.603646 0.617593 0.039583 0.062963
3 0.599219 0.671296 0.039062 0.066667
3 0.653125 0.519444 0.040625 0.068519
3 0.643229 0.569444 0.041667 0.061111
3 0.643490 0.617130 0.041146 0.063889
3 0.637240 0.666667 0.035937 0.059259
3 0.690885 0.512037 0.035937 0.064815
3 0.685937 0.568519 0.039583 0.070370
3 0.682552 0.622685 0.040104 0.063889
4 0.412500 0.892593 0.032292 0.037037
4 0.418750 0.925000 0.030208 0.042593
4 0.449479 0.815278 0.032292 0.052778
4 0.450521 0.847685 0.031250 0.056481
4 0.448437 0.894444 0.033333 0.057407
4 0.452083 0.925926 0.028125 0.051852
4 0.483073 0.884259 0.029687 0.040741
4 0.521615 0.892593 0.033854 0.062963
4 0.520052 0.929167 0.029687 0.052778
4 0.485156 0.927778 0.030729 0.055556
5 0.559375 0.825926 0.039583 0.055556
5 0.557031 0.872222 0.036979 0.050000
5 0.553646 0.922685 0.035417 0.052778
5 0.556771 0.972222 0.032292 0.053704
5 0.594792 0.813426 0.035417 0.056481
5 0.594531 0.867593 0.033854 0.053704
5 0.592448 0.918056 0.034896 0.049074
5 0.590104 0.956481 0.035417 0.046296
5 0.628646 0.869444 0.035417 0.057407
5 0.629948 0.915741 0.035937 0.055556
5 0.625781 0.965741 0.032813 0.055556
5 0.667448 0.828704 0.036979 0.074074
5 0.666927 0.869907 0.035937 0.056481
5 0.663542 0.915741 0.034375 0.050000
5 0.662500 0.959259 0.032292 0.055556
3 0.678646 0.665741 0.037500 0.068519
